*Exercise4> genThreeEmptyBlocks 
+-------+-------+-------+
| 3 7 8 | 9 6 1 | 2 4 5 |
| 4 6 5 | 7 2 3 | 1 9 8 |
| 1 2 9 | 8 5 4 | 7 6 3 |
+-------+-------+-------+
| 7 3 4 | 1 9 8 | 5 2 6 |
| 9 1 2 | 6 4 5 | 8 3 7 |
| 5 8 6 | 2 3 7 | 9 1 4 |
+-------+-------+-------+
| 2 4 1 | 5 7 6 | 3 8 9 |
| 6 9 7 | 3 8 2 | 4 5 1 |
| 8 5 3 | 4 1 9 | 6 7 2 |
+-------+-------+-------+
+-------+-------+-------+
|       | 9 6 1 | 2 4 5 |
|       | 7 2 3 | 1 9 8 |
|       | 8 5 4 | 7 6 3 |
+-------+-------+-------+
| 7 3 4 |       | 5 2 6 |
| 9 1 2 |       | 8 3 7 |
| 5 8 6 |       | 9 1 4 |
+-------+-------+-------+
| 2 4 1 | 5 7 6 |       |
| 6 9 7 | 3 8 2 |       |
| 8 5 3 | 4 1 9 |       |
+-------+-------+-------+
*Exercise4> genFourEmptyBlocks 
+-------+-------+-------+
| 8 3 4 | 9 2 6 | 7 1 5 |
| 2 6 5 | 4 7 1 | 3 9 8 |
| 1 9 7 | 3 5 8 | 6 2 4 |
+-------+-------+-------+
| 6 2 1 | 8 3 7 | 4 5 9 |
| 9 5 8 | 6 1 4 | 2 3 7 |
| 7 4 3 | 5 9 2 | 8 6 1 |
+-------+-------+-------+
| 5 7 9 | 2 8 3 | 1 4 6 |
| 3 8 6 | 1 4 5 | 9 7 2 |
| 4 1 2 | 7 6 9 | 5 8 3 |
+-------+-------+-------+
+-------+-------+-------+
|       | 9 2 6 | 7 1 5 |
|       | 4 7 1 | 3 9 8 |
|       | 3 5 8 | 6 2 4 |
+-------+-------+-------+
| 6 2 1 |       | 4 5 9 |
| 9 5 8 |       | 2 3 7 |
| 7 4 3 |       | 8 6 1 |
+-------+-------+-------+
| 5 7 9 |       |       |
| 3 8 6 |       |       |
| 4 1 2 |     9 |       |
+-------+-------+-------+
*Exercise4> genFiveEmptyBlocks 
+-------+-------+-------+
| 6 8 1 | 9 7 2 | 4 3 5 |
| 5 9 2 | 8 3 4 | 7 6 1 |
| 4 7 3 | 1 6 5 | 2 8 9 |
+-------+-------+-------+
| 7 6 4 | 5 8 3 | 1 9 2 |
| 3 2 5 | 6 1 9 | 8 7 4 |
| 9 1 8 | 2 4 7 | 3 5 6 |
+-------+-------+-------+
| 8 4 9 | 7 5 1 | 6 2 3 |
| 1 5 6 | 3 2 8 | 9 4 7 |
| 2 3 7 | 4 9 6 | 5 1 8 |
+-------+-------+-------+
+-------+-------+-------+
|       |       | 4 3 5 |
|       | 8   4 | 7 6 1 |
|       |       | 2 8 9 |
+-------+-------+-------+
| 7 6 4 |       | 1 9 2 |
| 3 2 5 |       | 8 7 4 |
| 9 1 8 |       | 3 5 6 |
+-------+-------+-------+
| 8 4 9 | 7     |       |
| 1 5 6 |       |       |
| 2 3 7 |     6 |       |
+-------+-------+-------+
